temps de calcul : min_power Q6
routes1: 0.05491001600239542sec = 0.0009151669333732571min
routes2: 133305.71405999764sec = 2221.7619009999607min
routes3: 1154754.5485000229sec = 19245.90914166705min
routes4: 2907937.310900024sec = 48465.621848333736min
routes5: 826289.0574799986sec = 13771.484291333309min
routes6: 1823219.6216999912sec = 30386.993694999852min
routes7: 3878942.504099996sec = 64649.04173499993min
routes8: 2828788.113000019sec = 47146.46855000032min
routes9: 2926238.1340000047sec = 48770.635566666744min
routes10: 2471973.421099983sec = 41199.55701833305min
