temps de calcul : min_power Q6
routes1: 0.04259399199941072sec = 0.0007098998666568453min
routes2: 152728.65105999928sec = 2545.4775176666544min
routes3: 1328929.1806999983sec = 22148.819678333304min
routes4: 3125962.174600005sec = 52099.36957666675min
routes5: 875005.1112200003sec = 14583.418520333338min
routes6: 2115546.8800999983sec = 35259.114668333306min
routes7: 3978529.1991999997sec = 66308.81998666665min
routes8: 2966069.3519000006sec = 49434.489198333344min
routes9: 2831674.8101999965sec = 47194.58016999994min
routes10: 2433635.8176999963sec = 40560.596961666604min
